289.925  4.50597436726805e-06  0.000253567207120254  5.56893683415265
289.905  6.33948165860405e-06  0.00354346233420231  4.08249841304844
289.91  4.68133252251098e-06  0.00287993506748144  2.46221196910023
290.025  0  0.00445289613267881  0.818497345813149
290.165  1.15814219791127e-06  0.000649195067560103  0
290.18  2.15325224999437e-06  0.00292149882064586  0
290.18  9.27642494766682e-06  0  0
290.015  3.42743608827759e-06  0.00151206538528949  0
289.96  6.19040296808942e-06  0.00197137534157162  0
289.91  2.32844740287546e-06  0  0
289.91  1.04510192493525e-05  0.00518998788309506  0
289.925  0  0.00168072913611872  0
289.925  9.99926965972088e-06  0.00181013595164914  0
289.94  6.52019412825404e-06  0.00106724825176109  0.15436140290427
290.05  3.45588188611874e-06  0.00220610130119207  1.77464784685248
290.095  6.15979180746966e-06  0.00180513341173771  3.41836247013956
290.165  7.34216172554732e-06  0.000513150170795124  4.97348883755535
290.22  5.14921199548663e-06  0  6.3340476571283
290.235  0  0.00394855263374092  7.40731909373427
290.15  3.68999717185202e-07  0.00449078857143962  8.12016147263347
290.15  2.06600724400194e-06  0.00305209462370218  8.42399576373165
290.045  0  0.00414395460022902  8.29811616220038
289.94  5.24194742002757e-06  0  7.75110115485814
289.91  0  0.000625149976857493  6.82022891047026
289.91  5.26595166473961e-07  0.00249842649296757  5.60104703513804
289.87  0  0.00157016950862389  4.11680583893865
289.87  6.94117896600921e-06  0.000626618207263343  2.49891447148809
289.87  2.17527907731621e-06  0  0.857629555786214
290.095  4.83798319092693e-06  0.00168743289693279  0
290.11  4.82679879582373e-06  0.00214397400051955  0
290.11  4.70275564289595e-06  0  0
290.13  8.62214839792726e-07  0.00363939975993894  0
290.01  1.10043794065543e-05  0.00100747308269112  0
289.945  1.78679247303507e-07  0.00507594908279777  0
289.89  2.84184068493463e-06  0  0
289.925  3.31885781357895e-07  0.00206672928784297  0
289.94  0  0.00549834116265088  0
289.96  2.61858140045887e-06  0.00176355924822845  0.194475325952849
290.01  5.19843596893133e-06  0.00344774614492955  1.81236669340341
289.995  0  0  3.45365160910528
290.065  3.03782314690192e-06  0.00373351597454272  5.00647921840496
290.08  1.22632585409214e-05  0.00300090949221425  6.36502688589761
290.18  3.93585831561159e-06  0.0032235158306718  7.43671183314979
290.165  0  0.00224267110271926  8.14850050204937
290.115  6.31116404738138e-06  0  8.45188567109725
289.975  0  0  8.3261921423905
289.96  2.23093506117645e-06  0.00400392410561053  7.77998572219212
289.89  1.77228964828966e-06  0.00512256870819798  6.85048947538984
289.91  0  0.00388838414951074  5.63248008983065
289.91  5.80490661127473e-06  0.00218958822518642  4.1504366863576
289.89  7.26053447626851e-06  0  2.53494101435633
289.87  1.00861253486962e-05  0.00148085708419112  0.896086434140921
290.03  1.27999811972689e-05  0.00275263836051109  0
290.08  2.36458499776112e-06  0.00707329545621331  0
290.08  8.90876130469024e-06  0.0014236378501398  0
290.11  2.22343805848508e-06  0.00386629491696635  0
290.06  6.54468304873116e-06  0.00259965023936427  0
290.03  7.82494851618179e-07  0  0
289.98  4.61989011700551e-06  0.00326501070661574  0
290.015  1.11926858406563e-05  0.000465717842986724  0
290.145  6.46764617933353e-06  0.00395796064741763  0
290.2  2.9786806863851e-06  0.00386919843901841  0.233914171083916
290.08  0  0.0024711944150405  1.84940984308518
290.145  5.98815775813681e-06  0.002151177102141  3.48826442330059
290.095  1.46125885059828e-05  0.0027613331061987  5.03879268042373
290.13  3.59400249466143e-07  0.00449755275444363  6.39532867610074
290.18  3.35508053645575e-06  0.00672641277637334  7.46542672400797
290.18  9.76035751525124e-06  0.00022346274845441  8.17616141060117
290.15  1.32206692506892e-05  0.000438538024488236  8.47909734153362
290.08  1.17978285263406e-06  0.00626759037047594  8.35358993373758
289.94  2.34862962996521e-06  0.00230506670524877  7.80819230964354
289.925  0  0.00115165048049856  6.88007241602133
289.91  6.07591766784449e-06  0.00357545445123295  5.66323309265601
289.91  1.16590066429834e-05  0.00674937961326617  4.18338544474478
289.91  4.91982537813848e-06  0.00135963657593119  2.57028324758952
289.91  9.56644584167805e-06  0.00319344909933248  0.933856750148937
289.925  5.61446727025522e-06  0.00359709585806684  0
290.01  6.66649160691199e-06  0.00186616595749396  0
290.08  1.01726683436293e-05  0.005050608500638  0
290.13  8.13883811413604e-06  0.00249305888632224  0
290.15  0  0  0
290.115  1.11876584237853e-05  0.00379023065506343  0
290.065  5.30934502536335e-06  0.00407018256761795  0
290.095  1.65631329097077e-05  0.00311356887646847  0
290.13  1.78436420531169e-05  0.00341789229952616  0
290.15  5.82366247212381e-07  0.00446181145365624  0.272665543669685
290.095  1.45566111158047e-05  0.0027152998366963  1.88576774082495
290.11  6.33443748941022e-06  0.0018091994656613  3.52219423826553
290.42  3.24069927907714e-06  0  5.07042527451351
290.22  5.61293950521128e-06  0.00344620201616952  6.42495146302135
290.265  7.6410473543236e-06  0.000794336695712288  7.4934640825026
290.28  4.51212978524235e-06  0.00259393268784258  8.20314576374022
290.28  5.01763000583288e-07  0.000938035502914791  8.50563287296229
290.25  6.53263998395222e-06  0  8.3803114135589
290.065  0  0  7.83572183588489
289.96  4.55962057137582e-06  0.00232041493966473  6.90897701968193
289.98  1.10461745556392e-05  0.00478326466711071  5.6933034193212
289.94  0  0.00211318415117154  4.21564689100361
289.925  4.67698981626974e-06  0.0042420523818222  2.60493311527518
289.91  8.85617598016184e-06  0.00611856272913983  0.970929574121451
289.91  5.57123468938329e-06  0.000440546344317643  0
289.94  3.21833882628057e-06  0.00179876481052124  0
290.115  8.61079387264464e-07  0.000909195079894265  0
290.165  4.63796713403093e-06  0.00213797276098161  0
290.215  1.23681946102988e-05  0.000395870085010494  0
290.215  3.05964397582124e-06  2.86482025648816e-05  0
290.27  3.19219994724671e-06  0.00140980387888067  0
290.145  6.53891435817436e-06  0.00453692141839373  0
290.15  6.01683761948653e-06  0.000601206771380456  0
290.25  1.36814186565562e-05  0.00104620603994848  0.31071735288416
290.54  1.43236509401792e-05  0.00124805874055931  1.92143112861258
290.35  0  0  3.55543466976632
290.49  8.15061394561793e-06  0.00055412285946975  5.10137333533426
290.575  7.52952573633572e-06  0.000255459446963213  6.45389396004239
290.52  5.25194097640703e-06  0  7.52082449846287
290.56  6.27918132356716e-06  0.00244377944649151  8.22945539758842
290.37  9.98948272402586e-06  0.00151565833956372  8.53149463271157
290.335  9.28067939750578e-06  0.00116080097400662  8.40635872910211
290.285  0  0.00531321071189824  7.86257549179417
290.08  1.08355885202923e-05  0.00112957924267415  6.93720284976599
290.01  1.25690830106431e-05  0.00105213409110016  5.72268871694664
289.98  7.52239381386109e-06  0  4.24721608269444
289.98  0  0.00410425277999524  2.63888285223376
289.98  1.21534318636119e-05  0.00272909047010184  1.00729427732418
289.96  0  0.0023379611770367  0
289.94  1.29236401972656e-05  0.00341789700003482  0
290.025  4.53890307146446e-06  0.00325471766692029  0
290.165  8.81887197188823e-07  0.000443803305090555  0
290.235  0  0.005398038035563  0
290.265  9.72154729132686e-06  0.00106713182280758  0
290.18  3.21531818141465e-06  0.000590634668945526  0
290.2  4.18992370677277e-06  0.000553545928094692  0
290.165  5.62389096133095e-06  0  0
290.305  3.55764346327399e-06  0.00345840863512376  0.348057812985891
290.475  0  0.000981274241133989  1.95639104344657
290.555  0  0.00330355975227262  3.58797961835614
290.505  9.25640547198948e-06  0  5.13163347266214
290.46  9.70902450108391e-06  0.00110508589989319  6.48215514720222
290.335  3.57078273576139e-06  0.00263888504845429  7.54750882169906
290.18  1.81300354582763e-06  0.000300761877179609  8.2550924038159
290.265  1.00781218517131e-05  0.00428438074498243  8.55668524176863
290.335  1.18866805857594e-06  0  8.43173428205649
290.32  7.87411898435105e-06  0.00152914497287297  7.88875472609266
290.2  0  0.0026315479237704  6.96474973329992
290.05  9.50983928040217e-06  0  5.75138689395367
290.03  6.4889261826406e-06  0.000561736472478843  4.27808835095465
290.01  4.98611183403896e-06  0  2.67212498024426
289.98  3.841694965285e-06  0.00250260035443904  1.04294053155645
289.98  1.08777940001308e-05  0.00362461299183599  0
289.98  1.0888033746181e-05  0.000213219389226736  0
289.98  1.1499512459814e-05  0.00487864595007056  0
290.08  1.69519141579258e-05  0  0
290.265  1.74922722300762e-06  0.0035808499800771  0
290.355  2.32971444638782e-07  0.00167404367940713  0
290.47  1.53648010421569e-05  0.00305958938000766  0
290.355  5.93033688738523e-06  0.000423544479045532  0
290.25  1.13746602306733e-05  0.00368403400069076  0
290.285  6.16541825937185e-06  0.00338683573987454  0.384675444251949
290.555  0  0.00332387501346673  1.99063881496234
290.57  1.04348029835412e-05  0.00296754669868016  3.61982326365015
290.39  7.98910322096661e-06  0  5.16120256249189
290.45  0  0.00261332557686748  6.50973425952124
290.3  2.7376600894477e-06  0.00252222702704023  7.57351814813965
290.355  3.37175501693606e-06  0.0020588279371388  8.28005911432375
290.37  5.14297922387021e-06  0.00354177293458858  8.58120755884227
290.215  2.24983345707467e-06  0.00390305922612539  8.4564407128726
290.25  2.29383170037319e-06  0.0063200824165805  7.9142612307806
290.265  6.06832277274374e-06  0.00388557277748241  6.9916177482769
290.18  5.44805780370294e-06  0.00118231622045421  5.77939610973195
290.115  0  0.00200250823857014  4.30825929316653
290.065  8.20333697438125e-07  0.0022969646957673  2.70465230398271
290.05  3.294915802333e-06  0.00403829153490876  1.07785830840754
290.05  7.5393690567099e-06  0.00444658353663117  0
290.01  7.65629285156836e-06  0.00280857052318039  0
290.01  2.9549415252169e-06  0.00241693381955587  0
290.065  9.49355443444215e-07  0.00154324037848077  0
290.235  2.83970784160621e-06  0  0
290.37  4.48900706274805e-06  0.00190171646677914  0
290.44  3.72819701339286e-06  0.00214832608715045  0
290.405  4.22985745043562e-06  0.00227494914851881  0
290.335  4.22793815677214e-06  0.00191338990752416  0
290.39  0  0.00168949939617267  0.420559073574895
290.475  1.23297905655555e-05  0.00034414410579406  2.02416606275871
290.355  0  0.000638133797264901  3.65096005833388
290.335  0  0  5.19007773790617
290.25  3.65818354470526e-06  0.00591254393832893  6.53663077512494
290.265  8.41696240926911e-06  0.00308469114664201  7.59885380578784
290.35  3.40165434549081e-06  0.00061414513934172  8.30435808576175
290.335  8.22587512093603e-06  0.00112655668561141  8.60506466426741
290.27  2.94150056271124e-06  0.00325667314464517  8.48048088492075
290.235  4.04095263896643e-06  0.00315812344327577  7.93909692639984
290.28  6.85538592151354e-07  0  7.01780721079858
290.335  2.51673366590538e-06  0.00311502491998205  5.8067147641113
290.25  0  0.00159617750454702  4.33772476539411
290.2  3.41743587832119e-06  0.000609262221879728  2.73645790669113
290.11  0  0.00166642882433834  1.11203787820438
290.095  5.81329393033291e-06  0.0027089190152348  0
290.08  1.90293022181533e-05  0.00493257325695185  0
290.11  0  0  0
290.145  0  0.000186772019061226  0
290.25  3.53156147137574e-06  0  0
290.355  5.44390067331485e-07  0.00104464894036466  0
290.525  6.18052563586966e-06  0.00394169593755221  0
290.605  1.3748197121179e-05  0.00427441831727836  0
290.675  1.150567383308e-05  0.00488073456903475  0
290.575  1.59392451687936e-06  0.00345519285804817  0.455697834735226
290.425  1.09727721122306e-05  0.00366994800986097  2.0569646934382
290.525  9.25453384234868e-06  0  3.68138472192496
290.56  7.77782667948126e-06  0.000970558270762262  5.21825637973515
290.52  5.82849957592238e-07  0.00490456397943985  6.56284440318951
290.505  9.12172886302398e-06  0.00073175743274824  7.62351734052638
290.42  8.43956856305006e-06  0.00315467432525432  8.32799208391118
290.39  1.16788410975339e-05  0.00100440800187479  8.62825984378179
290.42  9.55770624577964e-07  0.0013494567173226  8.50385786851895
290.35  4.50266235245199e-06  0.000172832157652166  7.96326394715285
290.32  1.01162614500244e-06  0.00157861986951058  7.04331866205089
290.385  0  0.00244954087748018  5.83334148666264
290.52  3.43952854456337e-06  0.00266065682818787  4.36648087461062
290.525  7.40442497872067e-06  0.00271704222870416  2.7675351455949
290.28  6.9909979179975e-06  0.00208727555411115  1.14546980866514
290.25  0  0.00191307715277897  0
290.22  1.14561489254095e-05  0.00467425352484217  0
290.2  9.60803122675878e-06  0.0022274155806038  0
290.215  1.37957292424026e-06  0.00250259452947364  0
290.335  7.86966876921174e-06  0.00523410001246443  0
290.49  0  0.000744008829023851  0
290.575  4.31690335533293e-07  0.000240012839979227  0
290.73  9.21639072455422e-06  0.00459390103117727  0
290.845  2.86027216554708e-06  0.00758721985611974  0
291  1.07034445958532e-06  0.00241425114077008  0.490081168362524
290.995  5.9063403603613e-06  0.00468218442272179  2.08902689737825
291.11  8.83066914810506e-08  0.000489730495161233  3.711092234308
290.525  0  0.00112394901059482  5.24573610702974
290.69  5.80757766339613e-06  0.00448050681428297  6.58837507173639
290.645  3.97477014431816e-06  0  7.64751050179898
290.64  4.01145635434152e-06  3.37628859217128e-05  8.35096406796282
290.505  8.80765394635346e-06  0.0061981195695427  8.65079657220581
290.475  3.19174777415713e-06  0  8.52657492486043
290.61  3.57961435043716e-06  0.00401468135940965  7.98676462590731
290.49  0  0.0048440102700467  7.06815285514139
290.78  0  0.0050664656341706  5.85927512585272
290.845  2.66928657684739e-06  0.00239551888348499  4.3945239707382
290.86  0  0.00276327955479676  2.79787764708726
290.76  5.38321971679608e-06  0.00305043884724894  1.17814496327392
290.54  3.27469354096678e-06  0.00304211493244751  0
290.405  1.10246476908131e-05  0.00218647014106597  0
290.27  2.50508205849798e-06  0.00101162373512595  0
290.22  3.04914653223985e-06  0.00273371866984503  0
290.355  2.07231715746812e-06  0.00412653129839304  0
290.455  3.65728945333246e-06  0.00279706382045904  0
290.675  3.47521627180492e-06  0.00230411918521766  0
290.74  8.336487210892e-06  0.0021538833114128  0
290.925  0  0  0
291.03  6.30431735498821e-06  0.00408279175864172  0.523698821599111
291.08  3.85045732643688e-06  0.0028281045669895  2.12034514525005
291.11  1.43747451150308e-05  0.00316009286703238  3.74007782906338
290.945  0  0.00280833842738264  5.27251476737207
290.88  0  0.00238421430179258  6.61322291530214
290.71  4.17627650636188e-06  0.00356662262218149  7.67083522819713
290.555  9.11251344928821e-06  0.00407583266803861  8.37327717472025
290.49  7.43920979922214e-06  0  8.67267849705613
290.405  1.77861379547763e-06  0.00346059408371559  8.54863548987168
290.42  5.12608192632277e-06  0.00462997876365615  8.00960147911574
290.42  0  0.00123590867169146  7.09231074182552
290.555  6.51763609881159e-06  0.00398307283518624  5.88451473807796
290.915  1.1365815441426e-05  0.00549904075836753  4.42185063852215
291.08  5.12036396350053e-06  0.00522486782194824  2.82747930169981
290.965  2.85979316809625e-06  0  1.21005449939219
290.875  0  0  0
290.505  1.83532376079719e-06  0.00243068927538557  0
290.385  1.1776082691086e-05  0.00325878197252498  0
290.32  3.28055183274625e-06  0.00314588513731598  0
290.3  1.8705499918883e-06  0.00399526869928043  0
290.385  1.1837215786767e-05  0  0
290.475  0  0.00106179520058956  0
290.675  3.4275696068326e-06  0.00382647142512547  0
290.71  5.36949070070494e-06  0.000380642953309342  0
291  1.50346869723968e-06  0.00446855667297659  0.556540847480634
291.095  1.50370303854832e-06  0.002971834705004  2.15091218430297
291.215  6.56469870292065e-06  0.00677173910686658  3.76833698661058
291.265  8.0758508541806e-06  0.00268579701123122  5.29859042704709
291.195  5.79908104153892e-06  0.00222376787754968  6.63738826251011
290.755  4.77276088232161e-06  0.00340643791986812  7.69349363298087
290.555  7.58235459322748e-07  0  8.39493470275845
290.46  8.0226983662127e-06  0.00430807405624312  8.69390942212366
290.425  3.30026670701147e-07  0.0036789179500361  8.57004315803086
290.39  4.38568555868676e-06  0.00636119167409968  8.0317771916793
290.455  7.49585424105409e-06  0.00594522375822594  7.11579345914925
290.54  0  0.0024876632427053  5.90905957660219
290.725  6.22082813538785e-06  0.00306825841695209  4.44845768926191
291.165  3.80076045874289e-06  0.000856135616476482  2.85633425887818
291.16  9.46253846150952e-06  0.00530614934728373  1.24118986612328
291.06  1.2611457087188e-05  0.00231611448065544  0
290.93  0  0  0
290.505  8.60209531249259e-06  0.00458564608343556  0
290.405  5.17392696973143e-06  0.0044011568816267  0
290.39  5.31844318948037e-06  0.00409563666428209  0
290.42  1.04916107585354e-05  0.00421962650181263  0
290.59  7.63478759449523e-06  0.00375068387501931  0
290.59  4.71285810820876e-06  0.00437731113675509  0
290.675  3.53043083158752e-06  0.00265821065681284  0
290.845  3.45556743487248e-06  0.0058210775662803  0.588597604048525
291.095  4.57836222148133e-06  0.00302736954544962  2.18072103443226
291.195  1.19133520607628e-06  0.00474689338879794  3.79586542718716
291.345  1.10289606963802e-05  0.000837766155718705  5.3239613610993
291.26  7.68687936458955e-06  0  6.6608716235705
291.06  8.34586228409581e-06  0.00316387844520218  7.71548798956201
290.625  5.8600875566665e-06  0.000590997582322471  8.41594009656746
290.49  6.0384772818442e-06  0  8.71449329104627
290.42  5.64553527090506e-06  0.00297966339602801  8.59080166617719
290.37  1.11014565355809e-05  0.00379597962582596  8.05329460178497
290.39  3.05779289882609e-06  0.0044339565717776  7.13860231603552
290.44  0  0.000141712311678171  5.93290908042351
290.46  8.06236850853437e-06  0.00152498978242359  4.47434215242126
290.705  9.0782267395853e-06  0.00594118794252743  2.88443692158255
291.01  0  0.00339300289648311  1.27154280194642
291.095  9.29703896656039e-06  0.00143829673237404  0
291.06  2.93819695829373e-06  0.00533106432044829  0
290.79  4.05701092503898e-06  0.00276222738965392  0
290.525  8.02750933684472e-06  0.000486258891210663  0
290.355  4.83558512172362e-06  0.000233827924809212  0
290.35  1.26861720684679e-05  0.00253994213377256  0
290.455  1.01700443232264e-05  0.00401953464815466  0
290.56  0  0.00351259578926633  0
290.74  6.40116467233695e-06  0.00354103461260951  0
290.76  5.9917850104771e-06  9.11561524253425e-05  0.619859753209769
290.93  2.07952548071317e-06  0.00330448402624967  2.20976498404848
290.98  1.53708142799137e-05  0.00387537040964396  3.82265910368462
291.08  0  0  5.34862604329854
291.165  4.99024250416074e-07  0.00631479480780323  6.68367367773516
291.295  9.324067160944e-06  0.00354633534635589  7.73682071697815
290.89  0  0.00304943583277124  8.43629693071087
290.59  0  0.00154510012017528  8.73443417090654
290.575  2.89677832402309e-07  0.0011444568304534  8.6109148773409
290.505  2.94356257178851e-06  0  8.07415668574518
290.425  1.2434787712447e-06  0.00138972563984397  7.16073877984177
290.37  6.9751629755095e-06  0.00271149198193186  5.95606286309538
290.355  0  0.000685364709372681  4.4995012671402
290.405  1.50730320005718e-05  0.00111375544864734  2.91178194073273
290.825  6.97761817664139e-06  0  1.30110533213743
290.96  5.21323434150217e-06  0.000344093528827064  0
290.995  0  0.00408997796545458  0
291  8.68590359860569e-06  0  0
290.74  5.1654700030812e-06  0.00215079994824145  0
290.575  2.88330074513124e-06  0.00102627388651366  0
290.52  4.38098011920529e-06  0.00220445942840239  0
290.64  1.8093727049037e-06  0.00429852820394108  0
290.52  0  0.00145342162536711  0
290.575  7.01846506316045e-06  0.00160348309588586  0
291.13  1.36529540520461e-05  0.00131417957531855  0.650318259359836
291.13  7.43659494098395e-06  0.000918931671392292  2.23803758576729
291.25  1.33229701996232e-06  0.0034278354278904  3.8487141943626
291.08  0  0.00205551817244446  5.37258313603894
291.095  9.51218101919504e-06  0.00140698628106538  6.70579526073357
291.08  0  0.00178896921693742  7.75749436538574
290.88  6.25668870510882e-06  0.00215137987138369  8.45600889402837
290.695  7.10542047981134e-06  0.00504774503871673  8.7537362358843
290.47  6.96880621732608e-06  0  8.63038676462374
290.46  7.87035301834135e-06  0.00243938829869417  8.09436654286846
290.44  8.44264590522558e-06  0.000480583142074574  7.18220446291579
290.405  0  0.00235702668818084  5.9785207015267
290.335  0  0.00260857609362645  4.52393247367112
290.35  0  0.0041502261495554  2.93836420951777
290.505  4.18761617040125e-06  0.00153138465314985  1.32986976599327
290.78  1.01361093898401e-05  0.00048886722008535  0
290.91  1.022781811312e-05  0.00447494408682887  0
290.89  1.35774438529617e-06  0  0
290.89  3.53452304844033e-06  0.00697456529671723  0
290.71  0  0  0
290.54  0  0.00419347017451874  0
290.455  0  0.00564681466397696  0
290.475  8.36226782766132e-06  0  0
290.54  3.04042895269046e-06  0  0
290.64  1.10246004554932e-05  0.00505085529746934  0.679964387785008
290.96  6.77137493857471e-06  0.000699270916046326  2.26553265193835
290.93  1.54733845333859e-05  0.00281144319554258  3.87402709546286
290.995  0  0.0114553962387838  5.39583148019507
291.015  0  0.00182328394440284  6.72723735221615
291.045  8.36701375453441e-06  0.00244995305953651  7.7775116016001
291.06  2.86626189256918e-06  0  8.47507977391166
290.845  0  0.00323607587349393  8.77240375099371
290.725  0  0  8.6492213951592
290.52  9.16554277071567e-07  0.00382060823382478  8.11392738038981
290.505  4.70723192886404e-06  0  7.20300110917687
290.39  9.23998623133111e-06  0  6.00028252478599
290.39  7.60670558364057e-06  0.000305946334229516  4.54763340476191
290.39  4.59509918492695e-06  0.00375911152578746  2.96417885759013
290.39  5.33852110738681e-06  0.00520434456474584  1.35782869387804
290.71  3.06272795347569e-06  0.00448784291798403  0
290.81  4.91385637338613e-06  0  0
290.79  9.43308553451071e-06  0.00141657391761892  0
290.83  4.16158456250893e-07  0.000799800494556473  0
290.845  0  0  0
290.76  9.97584010101235e-07  0.00212364042233511  0
290.59  3.6942373012743e-06  0.00385799391389513  0
290.54  4.55757044469058e-06  0.00292778506239254  0
290.605  7.55260644685643e-06  0.0055008617155196  0
290.605  0  0.00210990791714012  0.70878970286066
290.695  3.59209110721998e-06  0.00127652423938655  2.29224425003244
291.015  8.99740417858993e-07  0.00253236753416807  3.89859441374453
290.925  0  0.00117734545592219  5.4183700849591
290.895  1.47313495235185e-05  0.00255939597992122  6.74800106323094
290.945  2.05058646717307e-06  0.00164119228668579  7.7968751947099
290.96  8.36812942844585e-06  0.00241983544712316  8.49351344068215
290.945  0  0.000416959338428897  8.79044105593381
290.81  9.30534073231519e-06  0.00264488787679106  8.66742291418157
290.645  0  0.00499488764864006  8.13284249848875
290.56  1.50963867364495e-05  0  7.22313058074891
290.525  3.29480467259887e-06  0.00034905163781519  6.02134840293406
290.475  5.28268376940157e-06  0.00219549927252392  4.57060187700833
290.42  1.13445101502039e-05  4.50585698605738e-05  2.9892212451647
290.455  1.02834042233314e-05  0.00414390837109403  1.38497498410827
290.505  0  0.00178564300867831  0
290.675  1.16904196338214e-06  0.00315291554265084  0
290.775  9.25018116657282e-06  0.00230799073533173  0
290.81  1.82026486913748e-06  0  0
290.83  2.36262697027396e-06  0  0
290.745  3.12164387635205e-06  0.0027623735052905  0
290.66  0  0.0018529268234765  0
290.555  9.05875750429079e-06  0.0041135648270936  0
290.49  6.37250633597254e-06  0.00415417921615159  0
290.505  6.05641446771501e-06  0  0.736786066062318
290.49  1.09198078005627e-05  0.00184397662735855  2.31816669790594
290.525  0  0.00334440232373016  3.92241295896238
290.645  1.10223320320694e-05  0.00369059283787109  5.44019811768291
290.625  7.96633109772848e-06  0.00377079109264101  6.76808762375932
290.59  1.49555810841578e-05  0.00330078418625756  7.81558800179366
290.625  7.99538520350065e-06  0.0063687200247674  8.51131383209911
290.73  0  0  8.80785254908165
290.64  0  0  8.68499552923233
290.54  1.34991546009495e-06  0  8.15111527542304
290.52  4.92992259078173e-06  0.00428642673145016  7.24259484467205
290.475  0  0.00613350198376416  6.04171853590973
290.49  0  0.00220765293372636  4.5928358821981
290.475  9.65920790126357e-06  0.000102715070840452  3.01348695704269
290.44  6.3960652148393e-06  0  1.41130177969532
290.46  5.3118664723826e-06  0.00402626825847511  0
290.46  2.23776516375e-06  0.00283035895386306  0
290.54  8.03827667251435e-06  0.00283057831965926  0
290.62  1.80788838392647e-05  0  0
290.66  0  0  0
290.675  3.19306102115252e-06  0.00273306224365346  0
290.59  8.3290333280254e-06  0.00652911936897635  0
290.54  4.74358117415856e-06  0.00207694830769174  0
290.52  6.86386290707941e-06  0.00348461138632913  0
290.655  0  0.00261987870043847  0.763945633806502
290.825  3.52525762177501e-06  0  2.34329455896192
290.69  0  0.00480103683252428  3.94547973630928
290.64  4.16639161887063e-06  0.0049056097358051  5.46131489374857
290.74  3.9106929536777e-06  0.00583546602751336  6.78749837033633
290.76  6.00621286256207e-06  0  7.83365295376492
290.76  9.81663962342275e-06  0.000360198026098355  8.52848493802589
290.655  8.54820002239017e-07  0.00716132062764974  8.82464267165599
290.675  1.27171032603798e-05  0  8.70194349453212
290.605  1.39662037859017e-05  0.0012160834446985  8.16874915280531
290.575  7.651242517855e-08  0.00367111291217801  7.26139595971891
290.52  6.26768344653244e-07  0.00277450960755259  6.06139324249266
290.49  3.29802288754822e-06  0.00278169506409279  4.61433357866904
290.475  3.12098459467306e-06  0.000367298159658744  3.03697179658062
290.44  1.19063286214282e-05  0.00394927795057586  1.43680249496311
290.46  1.31803212360839e-05  0  0
290.49  9.33404077275927e-06  0.000973685089668317  0
290.555  0  0.00166744955188593  0
290.64  4.43022348779231e-06  0.000230818677071614  0
290.675  2.4782634585607e-06  0.0040494328125824  0
290.69  1.72730527570598e-05  0.00208296937967677  0
290.73  5.60916237073131e-06  0.00375794843055304  0
290.695  1.10663953140707e-05  0.00245202505914275  0
290.66  1.05226165360469e-07  0.00127966915261702  0
290.59  1.26804496181218e-05  0.0038729941990522  0.790260855138584
290.605  1.00600511424186e-05  0.00649832936069849  2.36762263722701
290.675  5.5712391916909e-06  0.00376451565196602  3.96779193884452
290.745  7.27030999289221e-06  0.00407086939333373  5.48171986649067
290.76  0  0.00209843558205352  6.80623473378059
290.655  2.09548349544332e-06  0.00481350486405505  7.85107304137277
290.625  4.2995823810068e-06  0.00246027994414898  8.54503078528174
290.625  9.42136492681782e-06  0.00293498935009869  8.84081589207951
290.73  8.41250637764172e-06  0.00269094519336033  8.71827109554582
290.71  6.60450106086313e-06  0.00107588635100049  8.18574762104957
290.605  0  0.00354559261861006  7.27953606334104
290.52  2.25942476163114e-06  0  6.08037294936712
290.49  0  0.00157379994804538  4.63509328270305
290.475  3.00015027096841e-06  0  3.05967177962446
290.46  0  0  1.46147081205901
290.46  0  0.00285622880439709  0
290.49  3.57850237558193e-06  0  0
290.54  0  0.00199045968782605  0
290.675  3.54040411812166e-06  0.00152783101460339  0
290.745  2.32791032161594e-06  0  0
290.775  4.57024442396025e-06  0  0
290.845  0  0.00316435173250321  0
290.79  7.10431875748179e-06  0.00302397635853192  0
290.88  1.19024692971073e-05  0.00133091368629922  0
291  0  0.00078090278531912  0.815724469284903
290.86  0  0  2.3911459723635
290.995  1.30170965630502e-05  0.000120028944921792  3.98934693992894
290.895  5.92459116183002e-06  0  5.50141261719363
291.03  2.91141082036623e-06  0.00513278206745272  6.82429822705864
290.89  1.09357821245796e-05  0  7.86785130138353
290.93  0  0  8.56095542270605
290.89  1.08495216071041e-05  0.00332387145482737  8.85637669056676
290.78  0  0  8.73398263376772
290.845  1.36830637190412e-05  0.00448930907627603  8.20211420501401
290.78  2.8212990613396e-06  0.00258546527466274  7.29701735877108
290.675  7.04003419983007e-06  0.00528168508181056  6.09865818031012
290.62  1.45103983473066e-05  0.00198375757949391  4.65511345997788
290.54  3.63637982602016e-06  0.00279638861933057  3.08158312842884
290.49  5.50058775321396e-06  0.00331700543932678  1.48530067737626
290.52  0  0.00266815353206208  0
290.49  3.84837024343915e-06  0.00265265939858929  0
290.625  8.37845886279546e-06  0.00287510536956655  0
290.64  8.00015668063289e-06  0.0010470756809709  0
290.76  1.65980131076826e-06  0.00155130024806305  0
290.845  0  0.0057650423266334  0
290.89  4.81252896279189e-06  0.00292628167076674  0
290.875  1.49879833991106e-05  0.00358058817754063  0
290.81  7.08580102746084e-06  0.0013138731466141  0
290.86  1.028845567764e-06  0.00428540277015458  0.84032950308651
290.96  1.1728498167046e-05  0.00360493203362073  2.41385983463554
291.215  9.9452544331112e-06  0.00171844531357334  4.01014228568813
291.18  4.1870877140049e-06  0.00277020662041436  5.5203928451865
290.98  2.0392530341378e-06  0.000726557620196656  6.84169043330791
291.245  8.0784399041768e-07  0.00411193594007281  7.88399080296939
291.15  7.87297227671164e-06  0.00111188328250541  8.5762629064613
290.925  1.09305100311196e-05  0.00351820718118607  8.87132954396442
290.89  3.57601870383953e-06  0.00548162576419172  8.74908241175359
290.89  0  0.0063663099638124  8.21785244986603
291.045  6.83410346715225e-06  0.000291558485279182  7.31384210230537
290.965  6.63534414934615e-06  0.000755069987528595  6.11624954552687
290.79  0  0.00323394551966383  4.67439271709804
290.76  1.4948465541741e-05  0.000817186613722469  3.10270226558111
290.62  0  0.000713845835725444  1.50828629790569
290.66  0  0.00647727469798739  0
290.59  0  0.00633947468886687  0
290.59  3.98614963337859e-07  0.00367501311613386  0
290.74  0  0.00513074170269721  0
290.86  8.78343333874419e-06  0.000757424883415476  0
290.995  7.39851636226351e-06  0.00221849290091534  0
291.08  1.41929530848781e-06  0.00413607420799013  0
291.13  7.29907531166359e-07  0.00485504488798481  0
291.065  0  0.00021664503190052  0
291.065  5.91579335298608e-06  0  0.864069268331853
291.065  0  0.0074053766095252  2.43575971984878
291  8.87221024053671e-06  0.00722476510725522  4.0301756875242
290.925  1.52659674318152e-06  0.005353088727392  5.53866035805801
290.875  9.13799994379016e-06  0.00415255223934288  6.8584129940421
290.91  0  0  7.89949463432852
290.995  0  0.00498611599983929  8.59095728560051
290.98  3.7512154674279e-06  0.00146323879405281  8.88567891086993
291  8.05035628688583e-06  0.00243937398220045  8.7635747184252
290.925  7.57499751662621e-06  0  8.23296590719469
291.045  2.30165125180533e-06  0.00480958310108632  7.33001259079126
291.115  1.25778919073802e-07  0.00263907010736402  6.13314773115625
290.96  8.42365387537156e-06  0  4.69292979322606
290.86  4.51988801217242e-06  0.00199601229722915  3.12302580794975
290.825  8.0089531361506e-06  0  1.5304221375349
290.675  1.4862337475267e-05  0.00091637270260405  0.0236520902182864
290.625  5.70079675011504e-06  0.00370795178718667  0
290.605  1.19272922386586e-05  0.00293567642868491  0
290.66  0  0.00366379699266508  0
290.78  4.71273713008994e-06  0.00132965866799794  0
290.845  3.75482297898488e-06  0.00634464316297241  0
290.89  0  0  0
291.045  7.31795517162379e-06  0.00421010400614671  0
291.13  0  0.00331218054610598  0
291.2  7.47032105942476e-06  0.00100203908683483  0.886937359005697
291.06  1.03223858374039e-06  0.00367521920682788  2.456841344282
291.295  2.24863176405085e-06  0.0073058427966512  4.04944501469685
291.33  3.1084159387369e-06  0.00107251419396866  5.55621506201347
291.13  0  0  6.87446759756247
291.145  1.02324845614337e-05  0  7.91436588956151
291.01  2.47574925366469e-06  0.00237145399796548  8.60504258792403
291.095  9.4686077136962e-06  0.000350562611667512  8.89942921705384
291.03  4.08684891925292e-06  0  8.77746381467265
290.93  4.13682968218547e-06  0.000590493950869209  8.24745812139538
290.89  0  0.00425594933755522  7.34553114934306
291.045  7.75938690625888e-06  0.00284568024618622  6.14935348896815
291.23  5.27985644831646e-06  0  4.7107235518346
291.115  2.68462847878124e-06  0.00188890412745843  3.14255056067635
291.08  8.93645289594364e-06  0.00133095723295612  1.55170291331243
290.93  6.88580369336537e-06  0.0011916799412679  0.0465942479106507
290.76  5.31421841302826e-06  0.000355836832322378  0
290.675  5.09364505217839e-06  0.00512046815607933  0
290.71  1.06722772139423e-05  4.66561602014042e-05  0
290.745  4.4583243316143e-06  0.00232754432779613  0
290.88  1.5121092681025e-05  0.00446315331974035  0
290.945  7.31678638978001e-06  0.00317384579114457  0
291.115  3.90649275022621e-06  0.00213510599481494  0
291.25  1.0567974658817e-05  0  0
291.45  0  0  0.908927648471411
291.545  1.11992079305954e-05  0.000548549673304393  2.47710063962966
291.345  0  0.00394028158623413  4.06794828699358
291.315  9.79775761700644e-06  0.00106516663432698  5.57305695239537
291.48  1.14679020443286e-05  0.00170840596229824  6.88985596759755
291.23  0  0.00214308856177123  7.92860765582737
291.465  3.28559338559037e-06  0.00476773671555009  8.61852280615029
291.215  0  0.000661608956597362  8.9125848412105
291.115  5.11704006223437e-06  0.000770141591586649  8.79075391927915
291.13  1.36285570359883e-06  0.004164334612965  8.26133261635071
290.98  2.48193136129315e-06  0.00169400803523401  7.36040011930972
291.13  4.07264118774647e-07  0.00359997228180795  6.16486762627449
291.345  1.00253396737065e-05  0.00267609147344383  4.72777297260005
291.38  9.06930707699763e-06  0.00634216208040818  3.16127351123024
291.23  7.57189902183779e-06  0.00366243034402949  1.57212359169466
291.05  6.01004354315358e-06  0.000972349315917928  0.068621154815236
290.89  6.80725308822445e-06  0.00169797063785438  0
290.875  3.44162922115272e-06  0.00416611753483363  0
290.775  1.65740842980074e-05  0.00260089924574045  0
290.81  5.51435947105587e-06  0  0
290.775  8.14102402561058e-06  0.00245266330151038  0
290.91  8.59111759775774e-06  0.00421424222575285  0
291.01  9.05494274035733e-06  0  0
291.15  1.15866951988976e-05  0.00385404114568872  0
291.28  3.68431978590142e-06  0  0.930034286603647
291.365  0  0.00276834256509106  2.49653374797346
291.46  1.61650938975005e-05  0.0032754450092729  4.08568366750904
291.295  3.31911955684699e-06  0  5.58918610438846
291.815  3.70853150772423e-06  0.00180774558247692  6.90457985219365
291.33  1.2649233774531e-05  0.00211386952178214  7.94222300080262
291.245  7.38675897457969e-06  0  8.63140188442405
291.115  0  0.00183723418230417  8.92515010106111
290.93  6.33931120897376e-06  0.00219655925662878  8.80344919519185
290.96  0  0  8.27459288243101
290.96  3.86318023224149e-06  0.00327733368426334  7.37462184651686
290.91  0  0.000521160670883714  6.17969099607469
291.025  7.31909729246869e-06  0  4.74407714345708
291.28  0  0.0044120665520235  3.17919182354413
291.28  0  0.00174466441438455  1.59167938479265
291.245  0  0.00527609319525419  0.0897261764151862
291.08  8.29617403309216e-06  0  0
290.93  0  0.00234917058763339  0
290.93  0  0.00164625540467921  0
290.875  0  0  0
290.83  1.1536661537224e-05  0.00371743558470652  0
290.995  2.86892961931663e-06  0.00310965896773765  0
291.15  0  0.00280412998047938  0
291.565  1.35785433328127e-06  0.00149922198544378  0
291.63  0  0.00478202838346402  0.95025169688818
291.56  1.22845532537417e-05  0.00155962002403477  2.51513701680113
291.43  2.56111428693242e-06  0.000417606879963144  4.10264945555261
291.58  2.11354056779904e-06  0.00273006179418023  5.60460266393008
291.245  8.78385349498907e-06  0.000702060681123821  6.91864101287762
291.215  9.90451452256526e-06  0  7.95521496046552
291.2  8.66716663279172e-06  0.00274197108583797  8.64368370518511
290.945  7.04329976620731e-07  0.00167153914038163  8.93712923983213
291.01  0  0.0035542301695596  8.81555373616207
290.91  1.11789101274693e-06  0.0033086398491493  8.28724236383703
290.93  4.11190924586298e-06  0.00267823050098188  7.38819866980513
290.93  3.21576456146069e-06  0.00136987955857865  6.19382448745595
290.93  9.59515523159395e-06  0.000496004028747946  4.75963525283373
291.165  8.25649978501678e-06  0.00358959352203614  3.1963028322491
291.315  2.77413259722606e-06  0.00599387188105075  1.61036574663593
291.245  7.11260874093165e-06  0.000236340788072243  0.109902987493811
291.18  4.9194076907136e-06  0.004802520347134  0
291.05  5.09683429895014e-06  0.00616063042348055  0
290.945  6.27125229002521e-06  0.00551791830166302  0
290.945  1.34053170659661e-05  0.00125374206654531  0
291.095  4.06913050261196e-06  0.00240573636970439  0
291.03  1.72566686678647e-06  0  0
291.03  0  0.00159214589899221  0
291.33  4.85900910263676e-06  0.00102345869553416  0
291.4  1.44048670586853e-05  0.00405613992193628  0.969574573505448
291.795  6.91567987435699e-06  0.000507059913194528  2.53290699409008
291.645  3.61557803062437e-06  0.000749238423272464  4.11884407970324
291.565  1.08448691219325e-05  0.00234192189982163  5.61930683884536
291.545  0  0.000243952876349605  6.93204121411286
291.265  0  0  7.96758652722737
291.16  1.28415655765368e-05  0.0030893478182237  8.65537207641969
291.05  4.40855715892016e-06  0  8.94852641313173
290.89  1.00707318557918e-05  0.00143820915958875  8.827071553777
290.89  4.94046027919181e-06  0.00459608857760917  8.29928444630688
290.89  9.95602939475007e-06  0.00298821995484207  7.40113290988604
290.89  1.78461833404131e-05  0.00340085334362221  6.20726901626831
290.89  1.12134286262535e-05  0  4.77444658208564
291.11  0  0  3.21260403702653
291.345  2.79801297956115e-06  0.00392281933457834  1.62817836946992
291.345  9.63125613562369e-07  0  0.129145570272563
291.315  1.07676379526131e-06  0.00500597340771533  0
291.215  9.7046370227457e-06  0.00292346283631065  0
291.045  6.58279926506394e-06  0.00225374708965421  0
290.875  1.27054025109491e-05  0.00281774376291818  0
291.025  1.00383540970362e-05  0  0
291.115  2.32611754823874e-06  0.00318440691690831  0
291.3  7.32942844315902e-06  0.00435823376182624  0
291.36  1.25432283037484e-05  0.000108664332190321  0
291.465  5.72734414609176e-06  0.00177258443467313  0.987997878413981
291.395  3.1190310573172e-06  0.000320570448723461  2.54984042347309
292.19  0  0.00235634649629609  4.13426609102971
291.815  9.81880563673591e-06  0.00120981250324233  5.63329889022706
291.995  1.11625256470258e-05  0.00425718597470915  6.94478221306868
291.53  4.21423668374275e-06  0  7.97934063843158
291.35  7.16808607662868e-06  0.00193271960715527  8.66647071931592
291.145  8.23028796029943e-06  0.00223827903861813  8.95934567624556
290.96  1.09890599869914e-08  0  8.83800656490451
290.89  1.29516827747759e-05  0.00160391895607154  8.3107224452083
290.89  0  0.000171829783573205  7.41342685853602
290.89  7.15826174200521e-06  0.000719335231783895  6.2200255160933
290.91  7.8286516589753e-06  0.00368100719408972  4.78851049814777
291.16  7.18622260331642e-06  0.00387402354307089  3.22809309709433
291.46  5.54423896716581e-06  0  1.6451131801031
291.415  5.47442767842675e-06  0.00194200171078436  0.147448212519024
291.38  1.26105891457473e-06  0  0
291.33  3.27445272399237e-06  0.00395611834850627  0
291.26  4.07923062341986e-06  0.000950457392722161  0
291.08  0  0.00427259328104225  0
290.965  6.51879452608171e-06  0  0
291.23  6.28609402476718e-06  0.00489956350722698  0
291.28  1.898453899551e-06  0.000839975682076947  0
291.35  1.12176469960989e-05  0.000429180039158289  0
291.295  0  0.00119242934742987  1.00551683844959
291.345  4.45702395963269e-06  0  2.56593423950303
291.645  1.16111905002124e-05  0  4.14891415649426
291.68  1.04697529950837e-05  0.0021760201350186  5.64657912407835
291.73  1.82942756346126e-05  0.00605196192591641  6.9568657497228
291.765  9.66040841446847e-06  0.00235349011361132  7.99048016524099
291.365  5.00214676898058e-06  0.00272029815601025  8.67698325634393
291.215  1.02413128733593e-07  0.00581231792888176  8.96959097187296
290.96  1.30012153312679e-05  0.00160478495891  8.84836257957189
290.89  0  0.00025650015954294  8.32155959403664
290.89  4.7620238405031e-06  0.0028798662764088  7.42508276814835
290.89  6.20207415342357e-06  0.00203130424347022  6.2320949295247
290.89  5.01396154751722e-06  0.0014797157387718  4.801826446421
291.165  5.73213393836647e-06  0.00265522549294104  3.24276782584406
291.395  7.16422945431017e-06  0.00153219726657331  1.66116633632001
291.5  5.67382255490889e-06  0.000461076208189234  0.164805505639888
291.5  2.41145378077603e-06  0  0
291.545  0  7.07862745631181e-05  0
291.41  4.80643734650278e-06  0.000628594721630627  0
291.48  7.06718437556585e-06  0.00274516302664769  0
290.995  5.75794269561808e-06  0.00162948260307276  0
291.095  1.12260156433003e-05  0.000533267379200031  0
291.13  1.20237616621216e-05  0  0
291.515  9.52779717779432e-07  0.00222755256784286  0
291.18  9.57398194503531e-06  0.00459271590575233  1.02212694245579
291.3  1.82548393221715e-06  0.000485914597097947  2.58118556303273
291.295  1.16517005152889e-05  0.00469749041529688  4.16278705255677
291.615  9.43782850585418e-06  0.00076779868988179  5.6591478832369
291.695  2.75133560103626e-06  0.00754622907672968  6.96829353731545
291.86  0  0.0012773605409697  8.00100790193246
291.58  1.2926362903066e-05  0.00421028533296426  8.68691319978046
291.38  4.42435957899975e-06  0.00317063896437797  8.97926611832321
291.03  2.0326150328349e-06  0.00182086521148592  8.85814328929806
290.91  1.96695416385145e-06  0  8.33179903333813
290.89  1.32820353524926e-05  0.00272828056215445  7.43610284166208
290.89  1.91950320888715e-05  0.00434023948712898  6.24347819977913
290.89  7.69333955454591e-06  0.0018790469460387  4.8143939439107
290.925  2.70698911581288e-06  0.00165962829682791  3.25662618564505
291.11  1.0898117458018e-05  0.00619074054176583  1.67633422337507
291.315  8.04520879294121e-06  0.000385687459537548  0.181212342773491
291.41  8.63040227551462e-06  0.00151531078331817  0
291.395  7.63307853469076e-06  0.000881902404223766  0
291.43  5.09074558300883e-06  0.0060941641645939  0
291.4  1.51176802527921e-05  0.00426779953305605  0
291.08  4.39476740164639e-06  0.00289579586152222  0
290.965  1.14412166050388e-05  0.00142255003939558  0
290.945  5.48042333518246e-06  0.00475493435079454  0
291.18  1.45306243511652e-05  0.00379038976076138  0
291.095  0  0.00297510003503165  1.03782393846036
291.165  6.46667566093339e-06  0.0018828432664612  2.59559169672601
291.4  1.05765597438354e-05  0.00262834956443042  4.17588365899599
291.31  6.07710554009306e-06  0  5.67100553959757
291.58  5.96211506469414e-06  0  6.97906725317347
291.615  4.90583526984148e-06  0.00346353526575379  8.01092655561769
291.615  1.03908074526303e-05  0.00522830680143281  8.69626394069678
291.365  1.37910771426355e-05  0.000827096971830147  8.98837479819117
291.18  1.41561802614997e-06  0.00545751444893086  8.86735225589864
290.93  7.80697059666174e-06  0.00365987660268746  8.34144380007722
290.83  1.56283222873945e-05  0.00526542831257736  7.44648922288632
